[gd_scene load_steps=73 format=4 uid="uid://dukxkjfwv4sap"]

[ext_resource type="Script" path="res://scripts/player.gd" id="1_adhyr"]
[ext_resource type="Resource" uid="uid://w5yuvrpdvx3k" path="res://inventory/inventory.tres" id="2_xq8ps"]
[ext_resource type="Resource" uid="uid://vsfhctrv3820" path="res://inventory/quick_slot_inventory.tres" id="3_yc7co"]
[ext_resource type="PackedScene" uid="uid://m8lgl6sgjc8e" path="res://scenes/item.tscn" id="4_dcn20"]
[ext_resource type="Script" path="res://scripts/weapon/weapon_spread_data.gd" id="4_o4c3s"]
[ext_resource type="Resource" uid="uid://c0tuqwnt3g8u0" path="res://scripts/weapon/assault_rifle_spread.tres" id="4_qxsc1"]
[ext_resource type="AnimationLibrary" uid="uid://cbdt7intcw3pe" path="res://anims/player_state.res" id="5_7m1j8"]
[ext_resource type="Script" path="res://scripts/interface/reticle.gd" id="5_8lwt1"]
[ext_resource type="Script" path="res://scripts/player_input_synchronizer.gd" id="5_d8soy"]
[ext_resource type="Script" path="res://scripts/View_Models.gd" id="5_fwk6d"]
[ext_resource type="Theme" uid="uid://d25a7utqv5i8e" path="res://ui_debug_theme.tres" id="5_js7jf"]
[ext_resource type="Script" path="res://scripts/player state machine/state_machine.gd" id="6_28k2k"]
[ext_resource type="ArrayMesh" uid="uid://bcd75ewieh241" path="res://models/meshes/fp_arms.res" id="6_a0imf"]
[ext_resource type="Script" path="res://scripts/weapon/FP_player_weapon.gd" id="6_an6qp"]
[ext_resource type="Script" path="res://scripts/interface/ui_debug.gd" id="7_6mltq"]
[ext_resource type="Shader" path="res://materials/viewmodel.gdshader" id="7_dn15t"]
[ext_resource type="Script" path="res://scripts/player state machine/idle_state.gd" id="7_pfe0v"]
[ext_resource type="AnimationLibrary" uid="uid://vlrhvjddwkvd" path="res://anims/player_fp_anims/Axe/Axe_Player_Anims.res" id="7_u4bc2"]
[ext_resource type="AnimationLibrary" uid="uid://klxtl5jvpkhp" path="res://anims/player_fp_anims/Pickaxe/Pickaxe_Player_Anims.res" id="8_4v63h"]
[ext_resource type="Script" path="res://scripts/player state machine/walking_state.gd" id="8_w2o86"]
[ext_resource type="PackedScene" uid="uid://mdsqpmcb7k53" path="res://scenes/progress_bar.tscn" id="9_bcxkl"]
[ext_resource type="Script" path="res://inventory/inventory_interface.gd" id="9_sd5qi"]
[ext_resource type="Script" path="res://scripts/player state machine/sprint_state.gd" id="9_touqc"]
[ext_resource type="Script" path="res://scripts/player state machine/crouch_state.gd" id="10_0am0j"]
[ext_resource type="PackedScene" uid="uid://pp77ah6u2djb" path="res://inventory/inventory_scenes/main_inventory.tscn" id="10_51sge"]
[ext_resource type="Script" path="res://inventory/item/inv_item_info_panel.gd" id="10_pwj6i"]
[ext_resource type="Script" path="res://scripts/player state machine/jump_state.gd" id="11_juquo"]
[ext_resource type="PackedScene" uid="uid://c0vow3q82yehc" path="res://scenes/weapon_hud.tscn" id="12_2ffht"]
[ext_resource type="AnimationLibrary" uid="uid://dmkk5nftmxg6" path="res://anims/item_fp_anims/pickaxe/Pickaxe_Anims.res" id="12_2kaya"]
[ext_resource type="ArrayMesh" uid="uid://cxut6xfety7ab" path="res://models/meshes/pickaxe_animated.res" id="12_fkleo"]
[ext_resource type="Script" path="res://scripts/interface/slot.gd" id="12_vifhc"]
[ext_resource type="PackedScene" uid="uid://cq5gdhexp333" path="res://inventory/craft_menu_scenes/craft_menu.tscn" id="13_00r71"]
[ext_resource type="PackedScene" uid="uid://drejmah8lp647" path="res://inventory/inventory_scenes/inventory_slot.tscn" id="13_6ejrl"]
[ext_resource type="Texture2D" uid="uid://d37gvltmegoym" path="res://textures/1024_palette.png" id="14_rjuv0"]
[ext_resource type="AnimationLibrary" uid="uid://dcl0nhikpge30" path="res://anims/item_fp_anims/axe/Axe_Anims.res" id="15_1ws1i"]
[ext_resource type="ArrayMesh" uid="uid://c0qee1sc38nvk" path="res://models/meshes/axe_animated.res" id="15_yc44n"]
[ext_resource type="Texture2D" uid="uid://carjrviipvpch" path="res://models/M4_Rifle_1024 palette.png" id="19_rkd7e"]
[ext_resource type="Script" path="res://scripts/player state machine/falling_state.gd" id="21_h51by"]
[ext_resource type="Script" path="res://scripts/interface/divide_content.gd" id="31_adwn6"]
[ext_resource type="PackedScene" uid="uid://wgdfogfntkn0" path="res://scenes/soundpool.tscn" id="40_fcwqi"]
[ext_resource type="Script" path="res://scripts/footstep_timer.gd" id="40_lcs76"]
[ext_resource type="AudioStream" uid="uid://dvod3v0n2x1hg" path="res://sounds/m4_rifle_shot_2.mp3" id="40_v4bxt"]
[ext_resource type="PackedScene" uid="uid://mojf4gd1jn1c" path="res://scenes/sound_queue.tscn" id="40_yvvnj"]
[ext_resource type="AnimationLibrary" uid="uid://daohau8af7uyl" path="res://anims/item_fp_anims/m4_rifle/M4_Rifle_Anims.res" id="41_aeuon"]
[ext_resource type="Script" path="res://scripts/player state machine/death_state.gd" id="41_ekt3e"]
[ext_resource type="AnimationLibrary" uid="uid://c5ohgn7l2bmpy" path="res://anims/player_fp_anims/m4_rifle/FP_Armature.res" id="42_0yrtw"]
[ext_resource type="AudioStream" uid="uid://bb3v7j1n01531" path="res://sounds/footstep_grass.mp3" id="42_s3n7o"]
[ext_resource type="AudioStream" uid="uid://wr52318gt57c" path="res://sounds/footstep_grass_2.mp3" id="43_65qyp"]

[sub_resource type="SceneReplicationConfig" id="SceneReplicationConfig_n3lfe"]
properties/0/path = NodePath(".:position")
properties/0/spawn = true
properties/0/replication_mode = 2
properties/1/path = NodePath(".:rotation")
properties/1/spawn = true
properties/1/replication_mode = 2
properties/2/path = NodePath(".:velocity")
properties/2/spawn = true
properties/2/replication_mode = 2
properties/3/path = NodePath(".:peer_id")
properties/3/spawn = true
properties/3/replication_mode = 0
properties/4/path = NodePath(".:buildings_in_own")
properties/4/spawn = true
properties/4/replication_mode = 2
properties/5/path = NodePath(".:health_value")
properties/5/spawn = true
properties/5/replication_mode = 2
properties/6/path = NodePath(".:hunger_value")
properties/6/spawn = true
properties/6/replication_mode = 2
properties/7/path = NodePath("Label3D:text")
properties/7/spawn = true
properties/7/replication_mode = 2

[sub_resource type="SceneReplicationConfig" id="SceneReplicationConfig_8ul1l"]
properties/0/path = NodePath(".:input_direction")
properties/0/spawn = false
properties/0/replication_mode = 1

[sub_resource type="CapsuleShape3D" id="CapsuleShape3D_7qfu8"]

[sub_resource type="CapsuleMesh" id="CapsuleMesh_f7gol"]

[sub_resource type="StandardMaterial3D" id="StandardMaterial3D_g0hrd"]

[sub_resource type="SphereShape3D" id="SphereShape3D_c1c83"]
radius = 0.45

[sub_resource type="Skin" id="Skin_jlae2"]
resource_name = "Skin"
bind_count = 53
bind/0/name = &"spine.002"
bind/0/bone = -1
bind/0/pose = Transform3D(1, 0, 0, 0, 0.999494, -0.0318125, 0, 0.0318126, 0.999494, 4.2339e-09, -1.29226, -0.0407307)
bind/1/name = &"spine.003"
bind/1/bone = -1
bind/1/pose = Transform3D(1, 0, 0, 0, 0.999592, -0.0285597, 0, 0.0285598, 0.999592, 4.2339e-09, -1.46527, -0.0359625)
bind/2/name = &"shoulder.L"
bind/2/bone = -1
bind/2/pose = Transform3D(0.507095, -7.36676e-05, 0.86189, 0.86189, -0.000570795, -0.507095, 0.000529289, 1, -0.000225891, -0.0681149, 0.0198289, -1.60509)
bind/3/name = &"upper_arm.L"
bind/3/bone = -1
bind/3/pose = Transform3D(-0.469217, -0.883031, 0.0095971, 0.861266, -0.459999, -0.215922, 0.19508, -0.0930483, 0.976364, 1.49114, 0.554944, 0.135414)
bind/4/name = &"forearm.L"
bind/4/bone = -1
bind/4/pose = Transform3D(-0.562138, -0.827038, 0.00310245, 0.818233, -0.555599, 0.147667, -0.120403, 0.085548, 0.989032, 1.45027, 0.458821, 0.0164279)
bind/5/name = &"hand.L"
bind/5/bone = -1
bind/5/pose = Transform3D(-0.589082, -0.808061, -0.00431717, 0.803703, -0.586443, 0.100732, -0.0839293, 0.0558697, 0.994904, 1.44284, 0.242266, 0.0314896)
bind/6/name = &"palm.01.L"
bind/6/bone = -1
bind/6/pose = Transform3D(0.346599, -0.00733423, -0.937985, 0.689773, -0.675668, 0.260164, -0.635675, -0.737169, -0.229127, -0.24679, 0.399166, 1.3851)
bind/7/name = &"f_index.01.L"
bind/7/bone = -1
bind/7/pose = Transform3D(0.273228, 0.0419236, -0.961035, 0.707446, -0.685714, 0.171218, -0.651818, -0.726662, -0.217015, -0.254899, 0.341581, 1.38378)
bind/8/name = &"f_index.02.L"
bind/8/bone = -1
bind/8/pose = Transform3D(0.278745, -0.0241753, -0.960061, 0.535678, -0.825808, 0.176324, -0.797089, -0.563433, -0.217239, -0.177662, 0.614665, 1.29176)
bind/9/name = &"f_index.03.L"
bind/9/bone = -1
bind/9/pose = Transform3D(0.332163, -0.00894687, -0.94318, 0.498393, -0.847296, 0.183558, -0.800795, -0.531046, -0.276981, -0.23705, 0.640036, 1.25591)
bind/10/name = &"thumb.01.L"
bind/10/bone = -1
bind/10/pose = Transform3D(0.986458, -0.0498275, 0.156266, -0.138606, -0.76264, 0.631798, 0.0876936, -0.644902, -0.759218, -0.597001, 1.08866, 0.757891)
bind/11/name = &"thumb.02.L"
bind/11/bone = -1
bind/11/pose = Transform3D(0.989612, -0.0684899, 0.126402, -0.103084, -0.950905, 0.29181, 0.100211, -0.301809, -0.948087, -0.575426, 1.26281, 0.319321)
bind/12/name = &"thumb.03.L"
bind/12/bone = -1
bind/12/pose = Transform3D(0.994019, -0.0689399, 0.0846964, -0.0888903, -0.961298, 0.260778, 0.0634407, -0.266747, -0.961676, -0.577103, 1.23315, 0.300986)
bind/13/name = &"palm.02.L"
bind/13/bone = -1
bind/13/pose = Transform3D(0.0744008, -0.0649164, -0.995113, 0.732108, -0.674, 0.098705, -0.677114, -0.735874, -0.00262038, -0.00594773, 0.362031, 1.41984)
bind/14/name = &"f_middle.01.L"
bind/14/bone = -1
bind/14/pose = Transform3D(0.0983505, -0.0460424, -0.994086, 0.7754, -0.622586, 0.10555, -0.623764, -0.781196, -0.0255304, -0.0471881, 0.210382, 1.43644)
bind/15/name = &"f_middle.02.L"
bind/15/bone = -1
bind/15/pose = Transform3D(0.0801672, -0.0823439, -0.993375, 0.644204, -0.756209, 0.114673, -0.760641, -0.649129, -0.00757681, 0.0113574, 0.440295, 1.37928)
bind/16/name = &"f_middle.03.L"
bind/16/bone = -1
bind/16/pose = Transform3D(0.0511024, -0.112859, -0.992296, 0.603449, -0.78821, 0.120724, -0.795763, -0.604969, 0.0278253, 0.0709899, 0.481811, 1.35438)
bind/17/name = &"palm.03.L"
bind/17/bone = -1
bind/17/pose = Transform3D(-0.0438125, -0.0232252, -0.99877, 0.756551, -0.653688, -0.0179867, -0.652466, -0.756408, 0.0462107, 0.00402394, 0.314403, 1.43115)
bind/18/name = &"f_ring.01.L"
bind/18/bone = -1
bind/18/pose = Transform3D(0.00484277, -0.0172849, -0.999839, 0.757995, -0.65209, 0.0149443, -0.652243, -0.757945, 0.00994391, -0.0394126, 0.2569, 1.43082)
bind/19/name = &"f_ring.02.L"
bind/19/bone = -1
bind/19/pose = Transform3D(0.0233441, -0.0585421, -0.998012, 0.642016, -0.764352, 0.0598528, -0.766336, -0.642137, 0.0197419, -0.00280316, 0.45061, 1.3765)
bind/20/name = &"f_ring.03.L"
bind/20/bone = -1
bind/20/pose = Transform3D(0.0227983, -0.0589525, -0.998001, 0.576852, -0.814546, 0.0612931, -0.816531, -0.577096, 0.0154367, -0.0018795, 0.534347, 1.3371)
bind/21/name = &"palm.04.L"
bind/21/bone = -1
bind/21/pose = Transform3D(-0.186305, -0.0119929, -0.982419, 0.714021, -0.68851, -0.127002, -0.674882, -0.725128, 0.136836, 0.0705635, 0.382548, 1.41163)
bind/22/name = &"f_pinky.01.L"
bind/22/bone = -1
bind/22/pose = Transform3D(-0.244304, -0.0601344, -0.967833, 0.63769, -0.761867, -0.113631, -0.730526, -0.644937, 0.224474, 0.174379, 0.477393, 1.3592)
bind/23/name = &"f_pinky.02.L"
bind/23/bone = -1
bind/23/pose = Transform3D(-0.266964, -0.0468438, -0.962567, 0.577617, -0.807304, -0.120912, -0.771421, -0.588274, 0.242579, 0.175304, 0.555766, 1.32127)
bind/24/name = &"f_pinky.03.L"
bind/24/bone = -1
bind/24/pose = Transform3D(-0.263703, -0.103269, -0.95906, 0.528111, -0.84746, -0.0539574, -0.807193, -0.520718, 0.278015, 0.241727, 0.624983, 1.26937)
bind/25/name = &"shoulder.R"
bind/25/bone = -1
bind/25/pose = Transform3D(0.507095, 7.35876e-05, -0.86189, -0.86189, -0.000570773, -0.507095, -0.000529269, 1, -0.000225983, 0.068115, 0.0198288, -1.60509)
bind/26/name = &"upper_arm.R"
bind/26/bone = -1
bind/26/pose = Transform3D(-0.469217, 0.883031, -0.00959715, -0.861266, -0.459999, -0.215921, -0.19508, -0.0930483, 0.976364, -1.49115, 0.554944, 0.135414)
bind/27/name = &"forearm.R"
bind/27/bone = -1
bind/27/pose = Transform3D(-0.562138, 0.827038, -0.00310247, -0.818233, -0.555599, 0.147667, 0.120403, 0.085548, 0.989032, -1.45027, 0.458821, 0.0164279)
bind/28/name = &"hand.R"
bind/28/bone = -1
bind/28/pose = Transform3D(-0.589083, 0.808062, 0.00431717, -0.803703, -0.586443, 0.100732, 0.0839293, 0.0558697, 0.994904, -1.44284, 0.242266, 0.0314897)
bind/29/name = &"palm.01.R"
bind/29/bone = -1
bind/29/pose = Transform3D(0.346599, 0.00733427, 0.937985, -0.689773, -0.675669, 0.260164, 0.635675, -0.737169, -0.229127, 0.24679, 0.399167, 1.3851)
bind/30/name = &"f_index.01.R"
bind/30/bone = -1
bind/30/pose = Transform3D(0.273228, -0.0419236, 0.961035, -0.707446, -0.685715, 0.171218, 0.651818, -0.726662, -0.217015, 0.254899, 0.341581, 1.38378)
bind/31/name = &"f_index.02.R"
bind/31/bone = -1
bind/31/pose = Transform3D(0.278745, 0.0241753, 0.960061, -0.535678, -0.825808, 0.176324, 0.797089, -0.563433, -0.217239, 0.177662, 0.614665, 1.29177)
bind/32/name = &"f_index.03.R"
bind/32/bone = -1
bind/32/pose = Transform3D(0.332163, 0.00894686, 0.94318, -0.498393, -0.847296, 0.183558, 0.800795, -0.531046, -0.276981, 0.23705, 0.640036, 1.25591)
bind/33/name = &"thumb.01.R"
bind/33/bone = -1
bind/33/pose = Transform3D(0.986458, 0.0498274, -0.156266, 0.138606, -0.76264, 0.631798, -0.0876936, -0.644902, -0.759218, 0.597001, 1.08866, 0.757891)
bind/34/name = &"thumb.02.R"
bind/34/bone = -1
bind/34/pose = Transform3D(0.989612, 0.0684899, -0.126402, 0.103084, -0.950905, 0.29181, -0.100211, -0.301809, -0.948087, 0.575426, 1.26281, 0.319321)
bind/35/name = &"thumb.03.R"
bind/35/bone = -1
bind/35/pose = Transform3D(0.994019, 0.0689399, -0.0846964, 0.0888905, -0.961298, 0.260778, -0.0634407, -0.266747, -0.961676, 0.577103, 1.23315, 0.300987)
bind/36/name = &"palm.02.R"
bind/36/bone = -1
bind/36/pose = Transform3D(0.0744008, 0.0649163, 0.995113, -0.732107, -0.674, 0.0987051, 0.677114, -0.735874, -0.00262039, 0.00594776, 0.362032, 1.41984)
bind/37/name = &"f_middle.01.R"
bind/37/bone = -1
bind/37/pose = Transform3D(0.0983505, 0.0460424, 0.994086, -0.7754, -0.622586, 0.10555, 0.623764, -0.781196, -0.0255304, 0.0471881, 0.210382, 1.43644)
bind/38/name = &"f_middle.02.R"
bind/38/bone = -1
bind/38/pose = Transform3D(0.0801671, 0.0823438, 0.993375, -0.644204, -0.756209, 0.114673, 0.760641, -0.649129, -0.00757678, -0.0113575, 0.440295, 1.37928)
bind/39/name = &"f_middle.03.R"
bind/39/bone = -1
bind/39/pose = Transform3D(0.0511024, 0.112859, 0.992296, -0.603449, -0.78821, 0.120724, 0.795763, -0.604969, 0.0278252, -0.0709899, 0.481811, 1.35438)
bind/40/name = &"palm.03.R"
bind/40/bone = -1
bind/40/pose = Transform3D(-0.0438125, 0.0232251, 0.99877, -0.756551, -0.653688, -0.0179866, 0.652466, -0.756408, 0.0462107, -0.0040239, 0.314403, 1.43115)
bind/41/name = &"f_ring.01.R"
bind/41/bone = -1
bind/41/pose = Transform3D(0.00484277, 0.0172849, 0.999839, -0.757995, -0.65209, 0.0149443, 0.652243, -0.757945, 0.00994393, 0.0394125, 0.2569, 1.43082)
bind/42/name = &"f_ring.02.R"
bind/42/bone = -1
bind/42/pose = Transform3D(0.0233441, 0.0585421, 0.998012, -0.642016, -0.764352, 0.0598529, 0.766336, -0.642137, 0.0197419, 0.00280314, 0.45061, 1.3765)
bind/43/name = &"f_ring.03.R"
bind/43/bone = -1
bind/43/pose = Transform3D(0.0227982, 0.0589525, 0.998, -0.576852, -0.814546, 0.0612931, 0.816531, -0.577096, 0.0154367, 0.00187949, 0.534347, 1.3371)
bind/44/name = &"palm.04.R"
bind/44/bone = -1
bind/44/pose = Transform3D(-0.186305, 0.0119929, 0.982419, -0.71402, -0.68851, -0.127001, 0.674882, -0.725128, 0.136836, -0.0705634, 0.382549, 1.41163)
bind/45/name = &"f_pinky.01.R"
bind/45/bone = -1
bind/45/pose = Transform3D(-0.244304, 0.0601344, 0.967832, -0.637689, -0.761867, -0.113631, 0.730526, -0.644937, 0.224474, -0.174379, 0.477393, 1.3592)
bind/46/name = &"f_pinky.02.R"
bind/46/bone = -1
bind/46/pose = Transform3D(-0.266964, 0.0468438, 0.962567, -0.577617, -0.807304, -0.120912, 0.771421, -0.588274, 0.242579, -0.175304, 0.555767, 1.32127)
bind/47/name = &"f_pinky.03.R"
bind/47/bone = -1
bind/47/pose = Transform3D(-0.263703, 0.103269, 0.95906, -0.52811, -0.84746, -0.0539572, 0.807193, -0.520718, 0.278015, -0.241727, 0.624983, 1.26937)
bind/48/name = &"camera"
bind/48/bone = -1
bind/48/pose = Transform3D(1, 0, 0, 0, -2.23517e-08, -1, 0, 1, 7.45058e-09, 4.2339e-09, -0.0104416, -1.69944)
bind/49/name = &"IK_Handle_Arm.L"
bind/49/bone = -1
bind/49/pose = Transform3D(0.818232, -0.555599, 0.147667, 0.562138, 0.827038, -0.00310253, -0.120403, 0.085548, 0.989032, 0.194741, -1.45027, 0.016428)
bind/50/name = &"Pole_Target_Elbow.L"
bind/50/bone = -1
bind/50/pose = Transform3D(-0.46242, -0.886661, 0, 0, 0, -1, 0.886661, -0.46242, 0, 1.49257, -0.522115, 0.280135)
bind/51/name = &"IK_Handle_Arm.R"
bind/51/bone = -1
bind/51/pose = Transform3D(0.818232, 0.555599, -0.147667, -0.562138, 0.827038, -0.00310253, 0.120403, 0.085548, 0.989032, -0.194741, -1.45027, 0.016428)
bind/52/name = &"Pole_Target_Elbow.R"
bind/52/bone = -1
bind/52/pose = Transform3D(-0.46242, 0.886661, 0, 0, 0, -1, -0.886661, -0.46242, 0, -1.49257, -0.522115, 0.280135)

[sub_resource type="ShaderMaterial" id="ShaderMaterial_mujtk"]
resource_name = "arms"
render_priority = 0
shader = ExtResource("7_dn15t")
shader_parameter/albedo = Color(0.798055, 0.510785, 0.385682, 1)
shader_parameter/specular = 0.5
shader_parameter/metallic = 0.0
shader_parameter/roughness = 1.0
shader_parameter/metallic_texture_channel = Vector4(1, 0, 0, 0)
shader_parameter/roughness_texture_channel = Vector4(1, 0, 0, 0)
shader_parameter/normal_scale = 0.5
shader_parameter/uv1_scale = Vector3(1, 1, 1)
shader_parameter/uv1_offset = Vector3(0, 0, 0)

[sub_resource type="Skin" id="Skin_illik"]
resource_name = "Skin"
bind_count = 1
bind/0/name = &"Body"
bind/0/bone = -1
bind/0/pose = Transform3D(1, 0, 0, 0, 1, 0, 0, 0, 1, 0, 0, 0)

[sub_resource type="ShaderMaterial" id="ShaderMaterial_xspd5"]
resource_local_to_scene = true
resource_name = "Material"
render_priority = 0
shader = ExtResource("7_dn15t")
shader_parameter/albedo = Color(1, 1, 1, 1)
shader_parameter/specular = 0.5
shader_parameter/metallic = 0.0
shader_parameter/roughness = 1.0
shader_parameter/metallic_texture_channel = Vector4(1, 0, 0, 0)
shader_parameter/roughness_texture_channel = Vector4(1, 0, 0, 0)
shader_parameter/normal_scale = 0.5
shader_parameter/uv1_scale = Vector3(1, 1, 1)
shader_parameter/uv1_offset = Vector3(0, 0, 0)
shader_parameter/texture_albedo = ExtResource("14_rjuv0")

[sub_resource type="Skin" id="Skin_u0wcu"]
resource_name = "Skin"
bind_count = 1
bind/0/name = &"Body"
bind/0/bone = -1
bind/0/pose = Transform3D(6.43321, 0, 0, 0, 6.43321, 0, 0, 0, 6.43321, 0.0911439, 0.570043, 0)

[sub_resource type="ShaderMaterial" id="ShaderMaterial_x4ycf"]
resource_local_to_scene = true
resource_name = "Material"
render_priority = 0
shader = ExtResource("7_dn15t")
shader_parameter/albedo = Color(1, 1, 1, 1)
shader_parameter/specular = 0.5
shader_parameter/metallic = 0.0
shader_parameter/roughness = 1.0
shader_parameter/metallic_texture_channel = Vector4(1, 0, 0, 0)
shader_parameter/roughness_texture_channel = Vector4(1, 0, 0, 0)
shader_parameter/normal_scale = 0.5
shader_parameter/uv1_scale = Vector3(1, 1, 1)
shader_parameter/uv1_offset = Vector3(0, 0, 0)
shader_parameter/texture_albedo = ExtResource("14_rjuv0")

[sub_resource type="ShaderMaterial" id="ShaderMaterial_27swp"]
resource_local_to_scene = true
resource_name = "Material"
render_priority = 0
shader = ExtResource("7_dn15t")
shader_parameter/albedo = Color(1, 1, 1, 1)
shader_parameter/specular = 0.5
shader_parameter/metallic = 0.0
shader_parameter/roughness = 1.0
shader_parameter/metallic_texture_channel = Vector4(1, 0, 0, 0)
shader_parameter/roughness_texture_channel = Vector4(1, 0, 0, 0)
shader_parameter/normal_scale = 0.5
shader_parameter/uv1_scale = Vector3(1, 1, 1)
shader_parameter/uv1_offset = Vector3(0, 0, 0)
shader_parameter/texture_albedo = ExtResource("14_rjuv0")

[sub_resource type="StandardMaterial3D" id="StandardMaterial3D_sls1k"]
resource_name = "Material.002"
cull_mode = 2
albedo_texture = ExtResource("19_rkd7e")
texture_filter = 2

[sub_resource type="ArrayMesh" id="ArrayMesh_w04li"]
resource_name = "M4_Rifle_Cube_001"
_surfaces = [{
"aabb": AABB(-0.0304168, -0.535679, -0.0671253, 0.0608337, 0.811907, 0.315817),
